# X Probability
-50	0
-49	0
-48	1.666666666666667e-07
-47	0
-46	1.05e-06
-45	0
-44	3.8e-06
-43	8.333333333333334e-08
-42	9.716666666666666e-06
-41	1.65e-06
-40	2.445e-05
-39	9.633333333333333e-06
-38	4.785e-05
-37	3.645e-05
-36	8.185e-05
-35	0.0001006166666666667
-34	0.0001197
-33	0.0002407666666666667
-32	0.0001758166666666667
-31	0.0004719333333333333
-30	0.0003062166666666667
-29	0.0007860666666666666
-28	0.0005974
-27	0.0011377
-26	0.00118745
-25	0.0014839
-24	0.0021921
-23	0.001893
-22	0.003577
-21	0.002602516666666667
-20	0.005092016666666667
-19	0.004002033333333333
-18	0.006407533333333333
-17	0.006434733333333333
-16	0.007406283333333334
-15	0.009898516666666666
-14	0.00836195
-13	0.01371045
-12	0.010057
-11	0.01688126666666667
-10	0.01343856666666667
-9	0.01865381666666667
-8	0.01857835
-7	0.0191525
-6	0.02462378333333333
-5	0.01946633333333333
-4	0.02964446666666667
-3	0.0212814
-2	0.03197283333333333
-1	0.02541345
0	0.03118463333333333
1	0.0311134
2	0.02852603333333333
3	0.03610445
4	0.02638256666666667
5	0.03815966666666667
6	0.02636761666666667
7	0.03609305
8	0.02856303333333333
9	0.03110186666666667
10	0.03117841666666667
11	0.02544766666666667
12	0.03198963333333334
13	0.0212824
14	0.029641
15	0.01947663333333333
16	0.02460833333333333
17	0.01912673333333333
18	0.01855098333333333
19	0.01871333333333333
20	0.01342851666666667
21	0.01689561666666667
22	0.0100689
23	0.01371865
24	0.008352716666666666
25	0.009865816666666668
26	0.00740365
27	0.0064555
28	0.00641215
29	0.004006283333333333
30	0.005092316666666667
31	0.002604
32	0.003580883333333333
33	0.00190155
34	0.002205566666666667
35	0.001485183333333333
36	0.00119155
37	0.001133833333333333
38	0.0005953666666666667
39	0.0007937666666666666
40	0.0003045333333333333
41	0.0004685833333333333
42	0.0001819833333333333
43	0.0002396166666666667
44	0.0001218833333333333
45	0.0001030333333333333
46	7.863333333333334e-05
47	3.493333333333333e-05
48	4.691666666666666e-05
49	9.316666666666667e-06
50	2.383333333333333e-05
51	1.833333333333333e-06
52	1.048333333333333e-05
53	1.333333333333333e-07
54	3.666666666666667e-06
55	0
56	9.833333333333334e-07
57	0
58	1.833333333333333e-07
59	0
60	1.666666666666667e-08
